optimal l1 1.0
optimal alpha 0.0272449534567
=================================
all E
=================================
0.0 écraséd
0.0 zettlement
-0.0 zealous
-0.0 zeal
0.0 youthful
0.0 youth
-0.0 yourself
0.0 yours
0.0 your
-0.0 younger
R2 score: -0.0832154897684
MSE: 3.48120274596
2.0 3.88772941023 4.75 3.88772941023 6.5 4.21283611549 5.25 4.77319161693 6.125 4.21283611549 7.0 4.21283611549 2.5 4.77319161693 4.25 3.88772941023 5.5 4.21283611549 6.5 4.44808491167 2.45 4.21283611549 5.5 4.44808491167 1.75 4.21283611549 3.5 4.77319161693 6.0 3.88772941023 3.0 3.88772941023 5.75 3.88772941023 6.833333333 3.88772941023 6.0 4.77319161693 7.0 4.21283611549 1.5 3.88772941023 1.05 4.21283611549 6.0 3.88772941023 2.5 3.88772941023 4.75 3.88772941023 6.166666667 4.21283611549 5.0 3.88772941023 5.8125 4.21283611549 6.5 4.21283611549 5.415833333 3.88772941023 6.0 3.88772941023 6.333333333 4.21283611549 4.75 4.44808491167 1.0 3.88772941023 4.75 3.88772941023 4.5 3.88772941023 1.0 4.21283611549 3.0 4.44808491167 4.0 3.88772941023 5.5 4.21283611549 7.0 3.88772941023 5.5 3.88772941023 5.666666667 3.88772941023 3.74875 3.88772941023 3.0 4.21283611549 4.5 4.77319161693 3.958333333 4.44808491167 3.5 3.88772941023 2.0625 4.21283611549 3.0 4.77319161693 1.5 4.21283611549 4.0 4.21283611549 6.5 3.88772941023 5.333333333 3.88772941023 3.5 4.21283611549 5.333333333 4.44808491167 3.583333333 4.21283611549 6.25 3.88772941023 6.5 4.77319161693 2.5 4.21283611549 3.333333333 4.21283611549 7.0 3.88772941023 6.0 4.21283611549 1.0 4.77319161693 6.833333333 4.77319161693 7.0 3.88772941023 4.7 3.88772941023 2.5 4.21283611549 7.0 4.21283611549 4.5 3.88772941023 5.5 4.77319161693 6.666666667 4.44808491167 1.5 3.88772941023 6.5 4.44808491167 3.222222222 3.88772941023 6.0 4.44808491167 4.712857143 4.44808491167 
optimal l1 0.9
optimal alpha 0.0371235677932
=================================
all A
=================================
-0.0 écraséd
-0.0 zettlement
-0.0 zealous
0.0 zeal
0.0 youthful
0.0 youth
0.0 yourself
0.0 yours
-0.0 your
-0.0 younger
R2 score: 0.118132990682
MSE: 2.81815306609
1.0 4.96112189864 5.25 4.96112189864 4.0 4.96112189864 4.0 2.63312715744 4.25 4.96112189864 1.5 4.96112189864 6.0 2.63312715744 6.0 4.82504069462 6.5 4.96112189864 2.5 2.49704595341 5.9 4.82504069462 2.5 2.49704595341 5.75 4.96112189864 1.0 2.49704595341 6.0 4.96112189864 1.0 4.82504069462 1.25 4.96112189864 6.5 4.96112189864 4.5 2.63312715744 3.5 4.82504069462 5.0 4.82504069462 5.45 4.96112189864 2.714285714 4.96112189864 2.0 4.96112189864 7.0 4.82504069462 5.75 4.82504069462 2.5 4.96112189864 5.125 4.82504069462 3.5 4.82504069462 2.5 4.96112189864 4.0 4.96112189864 5.5 4.82504069462 6.0 2.49704595341 4.0 4.96112189864 4.75 4.96112189864 4.5 4.96112189864 6.0 4.82504069462 1.0 2.49704595341 2.25 4.82504069462 4.5 4.82504069462 5.75 4.82504069462 4.0 4.82504069462 4.666666667 4.82504069462 5.75 4.96112189864 7.0 4.96112189864 5.0 2.49704595341 3.25 2.49704595341 4.25 4.82504069462 4.375 4.82504069462 4.5 2.63312715744 6.0 4.96112189864 6.25 4.82504069462 4.0 4.96112189864 6.333333333 4.96112189864 7.0 4.96112189864 2.666666667 2.49704595341 6.833333333 4.96112189864 7.0 4.96112189864 2.0 2.63312715744 6.2475 4.82504069462 6.333333333 4.96112189864 6.5 4.96112189864 4.0 4.96112189864 6.5 2.63312715744 3.666666667 2.49704595341 5.0 4.96112189864 5.1 4.82504069462 6.0 4.82504069462 3.5 4.96112189864 6.0 4.82504069462 2.0 2.49704595341 1.333333333 2.49704595341 6.5 4.82504069462 2.0 2.49704595341 4.583333333 4.82504069462 1.0 2.49704595341 2.855714286 2.49704595341 
optimal l1 0.1
optimal alpha 0.00123542540173
=================================
all C
=================================
2.46767101403 want
2.04434582069 family
1.84320670462 be
1.78086646109 make
1.5780314178 saw
1.57069103459 best
1.45327375883 address
1.44314195576 ask
1.28366919828 marry
1.26505761546 take
R2 score: -0.0402483481413
MSE: 3.13142006946
6.5 5.32684880041 3.75 5.03912418476 3.5 4.92146100563 6.5 4.21606156437 6.49875 4.79194235989 2.5 4.86975606604 6.5 4.16913552726 5.25 5.42929693555 2.5 5.07013483909 2.0 4.34349442546 6.9 5.23952808072 6.0 4.35097709899 1.9975 5.18502894377 5.25 4.22553621941 6.5 4.94703636524 4.0 5.55692501304 3.25 5.23895076107 2.0 5.19809167596 4.5 4.08038339933 7.0 5.18802862874 7.0 5.40968457034 6.75 5.08351829043 3.642857143 3.04965289974 7.0 5.15983240493 4.75 5.54403674007 6.583333333 5.29055960011 5.5 4.9138293343 4.125 5.27661259354 5.5 5.34711894009 4.25 4.56892677519 2.495 4.90765126006 6.5 5.09220339672 2.25 4.39170651836 7.0 5.13501339201 7.0 5.15153498392 2.5 5.02346968316 5.0 5.22863409921 2.5 4.86649696143 3.0 5.50418014394 2.5 5.13386303789 1.25 5.33671630374 5.5 5.36822792992 7.0 5.08669227809 5.25 4.94664675543 5.0 4.81240431689 3.0 4.35701967044 5.041666667 4.5354509429 7.0 3.08893345965 6.8125 5.1175180896 2.5 4.08565336702 3.5 5.02158187627 5.5 5.33712381076 3.0 4.92597237835 6.166666667 5.02651588356 7.0 5.04447304077 3.5 4.71495552139 6.833333333 5.085548356 5.25 5.28376288265 6.0 4.17579926707 6.2475 5.23859814566 3.0 5.05268910822 4.5 5.22898331829 3.5 5.07630463951 2.0 4.14136804254 2.5 4.33820219416 2.0 5.07001858856 5.6 5.40239905705 5.25 5.26708199583 1.0 5.14983971836 6.0 5.28373751169 4.0 4.29235584588 5.333333333 4.5191017492 5.5 5.51805514933 5.0 4.37898178971 6.277777778 5.50605275565 5.0 4.52009629935 4.997857143 4.50840176686 
optimal l1 0.1
optimal alpha 0.00164057029126
=================================
all S
=================================
0.118159241005 family
0.0948462406527 best
0.0 écraséd
0.0 zettlement
0.0 zealous
-0.0 zeal
0.0 youthful
-0.0 youth
-0.0 yourself
0.0 yours
R2 score: -0.0652744414055
MSE: 2.21211613678
3.0 4.56985983687 3.75 4.57194756639 4.5 4.08744141586 4.75 3.41840849138 4.375 4.08745241566 4.5 4.08745241566 3.5 3.41836493469 3.75 4.51949843535 2.5 4.08745241566 2.5 3.85020423805 6.4 4.03405708647 4.0 3.85019274792 2.5 4.08745241566 2.75 3.36568355001 5.5 4.57149375732 1.5 4.51926785696 2.0 4.5747077167 3.5 4.57199782411 1.5 3.41826217833 6.5 4.03469128951 3.0 4.51923569202 3.95 4.08745241566 4.5 4.57199782411 2.5 4.57287983414 4.75 4.51915451037 6.416666667 4.03470168925 2.5 4.57189788304 3.8125 4.03404706849 5.5 4.03472244852 1.333333333 4.57191037567 1.5 4.57193873733 4.833333333 4.03355086959 5.5 3.84956500053 3.5 4.57194140576 7.0 4.57199782411 2.0 4.57195996764 5.0 4.0346947457 1.5 3.85022895845 2.5 4.51924599485 4.0 4.03467185851 4.75 4.51926785696 5.0 4.51922582422 5.166666667 4.51913332091 2.625 4.57266728783 4.0 4.08741708296 3.5 3.36559210999 4.333333333 3.85022895845 4.5 4.51810187786 4.0 4.03388127321 1.0 3.41837137333 2.0 4.08743108678 4.75 4.03478301947 3.0 4.57213610646 3.833333333 4.57199782411 7.0 4.08745241566 4.166666667 3.85022895845 5.416666667 4.08745241566 5.75 4.57199782411 5.0 3.41841351715 5.0 4.03342010655 2.833333333 4.08744541979 4.5 4.5719651331 2.5 4.08745241566 3.5 3.41835105399 4.166666667 3.36568355001 4.0 4.57193422525 4.6 4.5192432236 3.0 4.03284478494 2.5 4.08745241566 6.0 4.51926785696 3.0 3.3656511617 3.833333333 3.85041648105 6.5 4.51945233641 1.5 3.85020455424 4.805555556 4.51932339209 2.0 3.85022895845 4.141428571 3.85022895845 
optimal l1 1.0
optimal alpha 0.0104466415147
=================================
all O
=================================
0.0 écraséd
0.0 zettlement
-0.0 zealous
-0.0 zeal
0.0 youthful
-0.0 youth
-0.0 yourself
0.0 yours
0.0 your
-0.0 younger
R2 score: 0.0516233118997
MSE: 2.30708931802
4.5 4.32104722349 7.0 4.32104722349 4.75 4.56278077304 6.75 3.68845742857 4.625 4.56278077304 4.0 4.56278077304 2.5 3.68845742857 5.5 4.77789505013 5.0 4.56278077304 5.0 3.90357170565 4.6 5.01962859968 1.5 3.90357170565 3.75 4.56278077304 3.0 4.14530525521 3.5 4.32104722349 6.5 4.77789505013 3.5 4.32104722349 5.166666667 4.32104722349 6.5 3.68845742857 7.0 5.01962859968 4.0 4.77789505013 4.7 4.56278077304 6.214285714 4.32104722349 2.5 4.32104722349 5.25 4.77789505013 6.333333333 5.01962859968 7.0 4.32104722349 6.375 5.01962859968 5.0 5.01962859968 3.833333333 4.32104722349 2.0 4.32104722349 5.833333333 5.01962859968 3.5 3.90357170565 4.0 4.32104722349 6.25 4.32104722349 2.5 4.32104722349 2.5 5.01962859968 4.0 3.90357170565 3.75 4.77789505013 6.75 5.01962859968 6.25 4.77789505013 5.0 4.77789505013 6.166666667 4.77789505013 6.0 4.32104722349 3.0 4.56278077304 3.666666667 4.14530525521 4.541666667 3.90357170565 4.75 4.77789505013 5.4375 5.01962859968 5.0 3.68845742857 1.5 4.56278077304 4.0 5.01962859968 5.5 4.32104722349 4.166666667 4.32104722349 1.0 4.56278077304 3.833333333 3.90357170565 5.416666667 4.56278077304 4.0 4.32104722349 5.0 3.68845742857 3.9975 5.01962859968 3.166666667 4.56278077304 4.5 4.32104722349 2.5 4.56278077304 2.0 3.68845742857 5.0 4.14530525521 7.0 4.32104722349 5.7 4.77789505013 6.25 5.01962859968 1.0 4.56278077304 6.0 4.77789505013 2.5 4.14530525521 3.333333333 3.90357170565 7.0 4.77789505013 5.5 3.90357170565 5.638888889 4.77789505013 2.5 3.90357170565 5.712142857 3.90357170565 
