optimal l1 0.7
optimal alpha 0.0389213620811
=================================
poss E
=================================
4.54526757716 way
4.1081689759 husband
3.33140282116 head
2.81936063864 uncle
2.61169834672 grandfather
2.43704545784 manner
2.31624960035 attire
2.15637890295 hat
1.9159274217 grace
1.68959170163 wish
R2 score: -0.107745042721
MSE: 3.56003502625
2.0 3.47773926025 4.75 3.50410572694 6.5 4.24264062894 5.25 4.88579401918 6.125 7.42229487168 7.0 4.03235636972 2.5 4.78232053417 4.25 3.75073572423 5.5 4.42848453593 6.5 4.24328781092 2.45 4.3365040384 5.5 4.61267231564 1.75 4.78369366984 3.5 4.67622449365 6.0 3.81364505528 3.0 3.7602954843 5.75 4.25682358649 6.833333333 3.78771630907 6.0 4.95070519867 7.0 4.1585878849 1.5 3.82517633959 1.05 4.09089205052 6.0 3.78771630907 2.5 3.47546689864 4.75 3.98641442248 6.166666667 4.07192357019 5.0 3.78771630907 5.8125 4.17959639222 6.5 4.06347122575 5.415833333 3.78771630907 6.0 4.08802949484 6.333333333 4.43070400077 4.75 4.28174588792 1.0 3.45900378406 4.75 3.83283890283 4.5 3.54130904752 1.0 4.03917162157 3.0 4.82435259189 4.0 3.66813559886 5.5 4.39653939143 7.0 3.81630527802 5.5 3.76121815037 5.666666667 3.7602954843 3.74875 3.66504354985 3.0 4.05016776195 4.5 4.99799530531 3.958333333 3.5573484669 3.5 3.7602954843 2.0625 4.25563991843 3.0 5.08380584884 1.5 3.91406232724 4.0 4.23354337543 6.5 3.63545674756 5.333333333 3.55259765393 3.5 4.09089205052 5.333333333 4.67758476311 3.583333333 4.06706611091 6.25 3.54230716893 6.5 5.24855195577 2.5 4.11241888434 3.333333333 4.21742004687 7.0 3.42777482342 6.0 4.09089205052 1.0 4.73907190656 6.833333333 4.83421609215 7.0 3.29177092279 4.7 3.53443119743 2.5 4.0323184338 7.0 4.08136167468 4.5 3.96687224051 5.5 4.94853735168 6.666666667 4.51607811465 1.5 3.65342885217 6.5 4.310395686 3.222222222 3.89031427405 6.0 4.98135448722 4.712857143 4.51489925597 
optimal l1 0.1
optimal alpha 0.00473595283642
=================================
poss A
=================================
1.12049364579 defence
1.11101140722 mother
1.02747270293 life
1.02142644767 eye
0.960628748817 wife
0.943601377445 reply
0.923646446588 bird
0.920005056481 girl
0.642636069497 hand
0.475808939556 wound
R2 score: 0.138654801349
MSE: 2.75257219841
1.0 4.82172255629 5.25 5.12147423858 4.0 5.07168456866 4.0 2.59575481273 4.25 4.06200539394 1.5 5.03680170753 6.0 2.80598170361 6.0 4.77265902475 6.5 5.17325546759 2.5 2.22627130572 5.9 4.89895464859 2.5 2.27193939016 5.75 5.03419316846 1.0 2.35491099403 6.0 5.05588864871 1.0 4.68527145568 1.25 5.03030273793 6.5 4.94228820366 4.5 2.66946879277 3.5 4.89920011197 5.0 4.89778591644 5.45 5.0657293107 2.714285714 4.94228820366 2.0 5.14974283637 7.0 5.05859111316 5.75 4.96490776799 2.5 4.78906623678 5.125 4.96174408818 3.5 4.80812304896 2.5 4.94228820366 4.0 5.10142963888 5.5 4.7711997964 6.0 2.33320820774 4.0 5.12687390886 4.75 5.07200436272 4.5 5.08502285357 6.0 4.92852494516 1.0 2.73053195323 2.25 4.74622657974 4.5 4.97436287619 5.75 4.79296147036 4.0 4.81704974197 4.666666667 4.63173917477 5.75 4.925160959 7.0 5.13559268067 5.0 2.37448942799 3.25 2.17502624962 4.25 4.68527145568 4.375 4.76774164027 4.5 2.73026734957 6.0 5.10116687543 6.25 4.85709118309 4.0 5.01419377899 6.333333333 5.07429794862 7.0 5.06513979694 2.666666667 2.40551175868 6.833333333 5.57585302077 7.0 5.02226523374 2.0 2.81996742207 6.2475 4.78086849005 6.333333333 5.09565329625 6.5 5.1422066833 4.0 5.06513979694 6.5 2.60219758134 3.666666667 2.29754170271 5.0 4.85501750828 5.1 4.81960702755 6.0 4.89315009219 3.5 5.26942508647 6.0 4.68659001915 2.0 2.35037160366 1.333333333 2.20300923105 6.5 4.76808551545 2.0 2.30677970201 4.583333333 4.69992115968 1.0 2.2464673718 2.855714286 2.31844450898 
optimal l1 1.0
optimal alpha 0.0107451001096
=================================
poss C
=================================
0.0 zeal
0.0 youthful
-0.0 youth
0.0 yourself
0.0 younger
0.0 young
0.0 yonder
0.0 yet
-0.0 yesterday
0.0 yearning
R2 score: 0.0191315682785
MSE: 2.9526709637
6.5 4.9982093304 3.75 5.09873126434 3.5 4.94873342135 6.5 4.22666775438 6.49875 4.94873342135 2.5 4.94873342135 6.5 4.22666775438 5.25 5.32703447225 2.5 4.94873342135 2.0 4.60496880528 6.9 5.13507563848 6.0 4.58876573349 1.9975 4.94873342135 5.25 4.45497096229 6.5 5.06761733241 4.0 5.32703447225 3.25 5.09873126434 2.0 5.09873126434 4.5 4.22016633577 7.0 5.17703662926 7.0 5.32703447225 6.75 4.94873342135 3.642857143 5.09873126434 7.0 5.09873126434 4.75 5.32182815694 6.583333333 5.15947068227 5.5 5.09873126434 4.125 5.14171811193 5.5 5.17703662926 4.25 5.09873126434 2.495 5.09873126434 6.5 5.10885653493 2.25 4.56965028794 7.0 5.09873126434 7.0 5.09873126434 2.5 5.09873126434 5.0 5.17355186888 2.5 4.60496880528 3.0 5.32703447225 2.5 5.11830049403 1.25 5.32703447225 5.5 5.32046771274 7.0 5.32703447225 5.25 5.09873126434 5.0 4.94873342135 3.0 4.40401049416 5.041666667 4.60496880528 7.0 5.32703447225 6.8125 5.13619959359 2.5 4.22666775438 3.5 4.94873342135 5.5 5.17703662926 3.0 5.09873126434 6.166666667 5.09873126434 7.0 4.94873342135 3.5 4.57628671422 6.833333333 4.94873342135 5.25 5.09873126434 6.0 4.22666775438 6.2475 5.10111451773 3.0 4.94873342135 4.5 5.09873126434 3.5 4.94873342135 2.0 4.22666775438 2.5 4.37665611532 2.0 5.09873126434 5.6 5.32703447225 5.25 5.08628766111 1.0 4.94873342135 6.0 5.32703447225 4.0 4.45497096229 5.333333333 4.59475954636 5.5 5.32703447225 5.0 4.60496880528 6.277777778 5.32703447225 5.0 4.60496880528 4.997857143 4.60496880528 
optimal l1 0.1
optimal alpha 0.00164057029126
=================================
poss S
=================================
2.42454180062 mark
2.14401325085 mother
1.99410837641 friend
1.66595614158 way
1.52920682291 companion
1.19813005434 defence
1.19377002458 part
1.1786218096 heel
1.144483039 look
1.12550810277 master
R2 score: -0.122056248382
MSE: 2.33002749052
3.0 4.46127844448 3.75 4.45983999605 4.5 4.02670835477 4.75 3.35359484944 4.375 2.90859679375 4.5 3.98539016403 3.5 3.44973705309 3.75 4.72935142996 2.5 3.91621244472 2.5 3.79507118697 6.4 3.97373055688 4.0 3.62754164959 2.5 3.83656193488 2.75 3.16276173723 5.5 4.76643824912 1.5 4.74434910066 2.0 4.63361648281 3.5 4.7150703661 1.5 3.07755967677 6.5 4.06270613554 3.0 4.81760662807 3.95 4.14140145765 4.5 4.7150703661 2.5 4.75129177006 4.75 5.21319200901 6.416666667 4.12377454985 2.5 4.27256477192 3.8125 4.1728544958 5.5 4.04784468816 1.333333333 4.7150703661 1.5 4.59161353327 4.833333333 3.69065824416 5.5 3.60779696892 3.5 4.83814746562 7.0 4.85627808236 2.0 4.72974714336 5.0 3.91555794184 1.5 4.78598459979 2.5 4.59419747002 4.0 4.21985769701 4.75 4.73392760255 5.0 4.80794339551 5.166666667 4.57212805548 2.625 4.53448488714 4.0 3.93705338064 3.5 3.12026017758 4.333333333 3.44475592547 4.5 4.67141444452 4.0 3.88463113803 1.0 3.3897026563 2.0 4.14760007386 4.75 4.10676048926 3.0 4.84182170841 3.833333333 4.95661567109 7.0 4.12274300413 4.166666667 3.59063212601 5.416666667 4.52585474655 5.75 4.61187271723 5.0 3.93102684544 5.0 3.96167127504 2.833333333 4.21291635841 4.5 4.63962647211 2.5 3.7681650486 3.5 3.16077876608 4.166666667 3.0513087091 4.0 4.12192383243 4.6 4.68402108593 3.0 3.75822942335 2.5 4.39246730538 6.0 4.89769730114 3.0 2.93808625422 3.833333333 3.76938428174 6.5 4.92663778777 1.5 3.94182080006 4.805555556 4.60500288104 2.0 3.9891775105 4.141428571 3.736299205 
optimal l1 1.0
optimal alpha 0.00421732720893
=================================
poss O
=================================
3.10603235955 face
2.35493662115 breast
2.06952980633 hand
1.81949620084 defence
1.75997489444 attire
1.42409897173 mother
1.15650775324 grandfather
0.809167605303 arm
0.429310574577 mark
0.323941297011 uncle
R2 score: -0.0537576813492
MSE: 2.5634466989
4.5 4.12156279334 7.0 4.39395522881 4.75 4.46553832743 6.75 3.60514464919 4.625 4.30438462082 4.0 4.6087177968 2.5 4.03460680039 5.5 4.9508581019 5.0 3.40398468539 5.0 3.36548903159 4.6 5.07996866288 1.5 3.91618493 3.75 4.62804554442 3.0 3.60443371621 3.5 4.32660493453 6.5 4.7532949741 3.5 4.56295117232 5.166666667 4.29691400924 6.5 3.69211262759 7.0 5.15289525902 4.0 5.11657171523 4.7 4.51165428557 6.214285714 4.29691400924 2.5 4.34476636398 5.25 5.19145747041 6.333333333 5.24036846985 7.0 4.29691400924 6.375 5.13331440645 5.0 4.96803525043 3.833333333 4.29691400924 2.0 4.49445390729 5.833333333 4.93129077586 3.5 3.7992654361 4.0 4.81447022583 6.25 3.77059981133 2.5 4.53130914247 2.5 5.02190603145 4.0 4.53855154852 3.75 4.89317503264 6.75 5.12858962064 6.25 4.91486525518 5.0 4.80054096826 6.166666667 4.7532949741 6.0 4.48092484261 3.0 4.50377115822 3.666666667 4.22220881393 4.541666667 1.14806501524 4.75 4.7532949741 5.4375 5.15416042855 5.0 3.64069857218 1.5 5.00665077237 4.0 5.03176770406 5.5 4.48905595336 4.166666667 4.48505308254 1.0 4.51165428557 3.833333333 4.35186242991 5.416666667 4.51165428557 4.0 3.95173949653 5.0 3.45544916595 3.9975 4.93977276954 3.166666667 4.55003305421 4.5 4.91693022796 2.5 4.51165428557 2.0 3.85200958462 5.0 4.05473989303 7.0 4.74974883731 5.7 4.93826537039 6.25 5.15695247321 1.0 4.51165428557 6.0 4.70485839385 2.5 3.89831432644 3.333333333 3.84542176624 7.0 4.68120325806 5.5 4.03911838576 5.638888889 4.79695527805 2.5 4.00132551146 5.712142857 3.86328240835 
